102.22
102.73
102.97
097.92
097.33
097.33
097.33
097.51
099.37
095.44
098.37
094.97
094.97
094.97
094.97
095.26
094.35
094.16
097.94
097.94
097.94
097.01
097.34
094.45
109.11
112.21
112.21
112.21
115.09
114.61
112.69
110.49
104.07
104.07
104.07
099.75
099.54
101.00
101.91
102.01
102.01
102.01
102.01
101.61
105.20
103.47
104.57
104.57
104.57
107.16
105.46
106.88
108.07
107.92
107.92
107.92
106.92
109.82
109.95
109.58
108.39
108.39
108.39
105.73
105.93
107.51
107.32
109.41
109.41
109.41
109.89
110.67
112.18
111.02
111.45
111.45
111.45
111.85
112.25
112.54
113.05
113.05
113.05
113.05
113.69
116.14
114.70
114.10
116.06
116.06
116.06
112.55
112.22
113.71
113.64
110.63
110.63
110.63
108.99
110.61
110.51
110.84
109.64
109.64
109.64
110.45
112.29
112.42
113.44
110.56
110.56
110.56
110.10
108.76
108.89
116.73
117.58
117.58
117.58
118.57
117.43
118.06
117.81
119.49
119.49
119.49
119.24
120.50
119.52
120.28
119.81
119.81
119.81
118.67
117.35
117.65
116.81
117.35
117.35
117.35
115.97
117.70
117.89
119.47
119.38
119.38
119.38
119.38
118.81
118.78
118.93
118.47
118.47
118.47
118.79
117.76
118.39
118.56
116.62
116.62
116.62
113.95
114.94
114.60
114.39
113.02
113.02
113.02
113.37
114.38
113.91
115.08
112.08
112.08
112.08
108.97
112.70
114.16
114.28
114.19
114.19
114.19
114.19
114.00
116.70
115.85
117.24
117.24
117.24
117.87
117.93
116.78
117.29
116.86
116.86
116.86
119.37
120.61
121.92
120.61
121.00
121.00
121.00
121.63
121.22
123.34
125.00
123.94
123.94
123.94
124.31
123.09
122.51
124.36
125.15
125.15
125.15
125.26
125.06
124.88
124.90
124.88
124.88
124.88
123.90
123.30
124.37
123.91
123.56
123.56
123.56
124.15
124.37
123.48
123.89
124.96
126.54
125.84
126.12
126.12
126.12
126.17
126.51
126.51
126.51
126.51
129.73
131.05
130.27
127.10
127.10
127.10
128.69
127.21
127.77
128.35
129.07
129.07
129.07
128.65
128.64
129.94
130.08
127.96
127.96
127.96
127.31
128.69
129.23
128.09
128.27
128.27
128.27
128.77
128.19
128.47
128.74
128.99
130.24
128.88
130.24
128.88
129.05
127.82
127.88
127.88
127.88
127.54
128.57
130.11
130.00
132.07
132.07
132.07
133.28
132.29
131.04
129.69
131.29
131.29
131.29
130.99
129.50
127.17
120.00
120.75
120.75
120.75
122.15
124.22
123.18
120.80
119.02
119.02
119.02
115.08
117.20
116.34
117.79
117.02
117.02
117.02
121.77
121.47
120.84
120.84
120.38
120.38
120.38
120.41
120.87
118.42
115.10
115.40
115.40
115.40
117.43
117.31
117.95
118.91
119.68
119.68
119.68
117.77
120.31
120.21
120.57
119.87
119.87
119.87
119.24
119.09
119.04
117.40
117.27
117.27
117.27
117.27
118.01
116.92
116.35
115.05
115.05
115.05
115.05
116.86
118.69
