054.80
055.05
054.05
052.17
052.33
052.33
052.33
052.30
052.78
051.64
053.11
050.99
050.99
050.99
050.99
050.56
050.79
050.48
052.29
052.29
052.29
051.79
052.17
051.22
052.06
055.09
055.09
055.09
054.71
053.00
052.16
052.00
050.16
050.16
050.16
049.41
049.28
049.71
049.69
050.50
050.50
050.50
050.50
051.09
052.42
052.19
051.82
051.82
051.82
052.65
051.18
051.36
052.10
051.30
051.30
051.30
050.88
052.58
052.95
052.35
052.03
052.03
052.03
051.03
051.65
052.84
052.05
053.07
053.07
053.07
053.17
053.59
054.35
054.66
053.49
053.49
053.49
053.86
054.07
053.97
054.21
054.21
054.21
054.21
053.54
054.71
055.05
055.23
055.57
055.57
055.57
055.43
054.56
055.12
054.46
054.42
054.42
054.42
054.31
054.65
055.35
055.36
055.65
055.65
055.65
056.46
056.39
055.59
055.78
051.78
051.78
051.78
052.11
051.44
050.94
049.90
049.87
049.87
049.87
050.61
049.78
049.87
049.94
050.39
050.39
050.39
050.07
051.02
051.05
051.51
051.08
051.08
051.08
051.83
050.51
050.81
050.32
050.62
050.62
050.62
050.03
051.59
052.12
051.89
052.32
052.32
052.32
052.32
053.00
052.85
052.48
051.79
051.79
051.79
052.13
052.10
052.04
051.62
051.48
051.48
051.48
050.14
049.83
049.69
050.39
050.13
050.13
050.13
050.07
051.19
050.99
051.91
049.83
049.83
049.83
048.43
049.44
050.54
051.17
051;16
051;16
051;16
051;16
051.17
051.38
051.38
052.30
052.30
052.30
052.59
053.21
053.51
053.74
053.70
053.70
053.70
053.96
053.09
055.91
055.80
056.57
056.57
056.57
065.73
056.76
056.19
056.21
056.68
056.68
056.68
056.58
056.58
056.97
057.39
057.96
057.96
057.96
058.06
058.20
058.02
058.30
057.94
057.94
057.94
058.12
057.44
057.56
057.60
057.62
057.62
057.62
057.67
057.89
057.95
058.17
058.03
058.03
058.03
058.10
057.89
057.46
057.59
057.67
057.67
057.67
057.67
057.61
057.66
057.43
056.21
056.21
056.21
057.05
056.53
056.26
057.19
057.25
057.25
057.25
056.93
056.81
057.76
057.82
057.43
057.43
057.43
056.90
057.95
058.03
057.40
057.60
057.60
057.60
057.42
057.24
057.64
057.74
057.80
057.80
057.80
058.04
057.19
057.11
056.92
057.42
057.42
057.42
057.22
057.66
057.53
057.25
059.66
059.66
059.66
061.00
060.99
060.63
060.10
059.87
059.87
059.87
059.92
059.80
059.43
059.21
058.71
058.71
058.71
060.42
060.47
060.17
058.70
059.02
059.02
059.02
058.12
058.87
059.65
060.64
060.35
060.35
060.35
060.86
061.12
060.40
060.40
060.53
060.53
060.53
060.61
061.09
060.26
059.20
059.25
059.25
059.25
060.22
059.95
061.37
061.01
061.97
061.97
061.97
062.17
062.98
062.68
062.58
062.30
062.30
062.30
063.62
063.54
063.54
063.55
063.24
062.30
062.30
062.30
063.28
062.99
062.90
062.14
062.14
062.14
062.14
062.58
062.30
