223.41
223.43
219.04
215.65
211.00
207.85
209.97
209.97
209.97
200.31
206.18
204.99
204.99
204.99
204.99
204.72
198.70
199.97
202.55
202.55
202.55
196.38
193.56
188.07
189.70
191.20
191.20
191.20
196.94
182.78
173.48
175.33
162.60
162.60
162.60
147.99
148.25
143.67
150.47
151.04
151.04
151.04
151.04
155.17
168.68
166.77
166.58
166.58
166.58
177.74
177.21
179.00
187.43
190.34
190.34
190.34
191.93
186.35
188.34
195.74
201.04
201.04
201.04
205.29
202.60
208.72
205.18
207.50
207.50
207.50
215.15
218.34
221.93
226.38
232.74
232.74
232.74
238.32
234.24
222.58
227.75
227.75
227.75
227.75
230.26
230.13
226.89
229.77
237.59
237.59
237.59
246.99
255.47
265.42
257.20
250.07
250.07
250.07
249.92
247.82
254.53
251.86
254.51
254.51
254.51
253.88
247.37
249.97
248.29
253.75
253.75
253.75
251.82
253.74
251.47
247.71
240.76
240.76
240.76
241.80
232.32
222.56
211.53
214.93
214.93
214.93
208.92
208.69
208.96
207.28
207.61
207.61
207.61
208.29
204.66
211.17
215.21
220.28
220.28
220.28
216.22
217.91
219.58
225.12
223.04
223.04
223.04
223.04
223.23
219.56
218.96
218.99
218.99
218.99
220.68
232.34
235.52
229.36
218.79
218.79
218.79
217.87
214.96
217.70
217.93
215.47
215.47
215.47
219.70
219.61
196.66
196.40
193.15
193.15
193.15
198.55
201.79
210.19
212.28
216.50
216.50
216.50
216.50
213.98
214.44
215.94
216.78
216.78
216.78
224.78
224.65
222.53
221.53
220.40
220.40
220.40
226.25
225.26
228.36
220.50
222.27
222.27
222.27
230.01
229.51
228.49
230.61
234.79
234.79
234.79
230.01
227.20
225.79
230.61
230.03
230.03
230.03
226.16
229.08
225.65
224.91
225.61
225.61
225.61
225.59
223.61
223.24
223.51
225.00
222.93
222.93
222.93
224.84
222.62
220.96
219.99
219.99
219.99
215.20
211.34
212.01
200.77
197.78
197.78
197.78
197.78
202.83
201.71
197.36
194.47
194.47
194.47
198.30
196.05
196.41
200.42
205.40
205.40
205.40
206.34
204.64
205.22
206.43
207.45
207.45
207.45
208.99
205.81
206.27
200.70
204.03
204.03
204.03
213.70
211.41
208.46
201.00
196.61
196.61
196.61
200.95
200.10
201.51
200.24
196.51
196.51
196.51
193.96
199.10
203.56
199.10
200.09
200.09
200.09
202.76
202.34
202.24
204.01
199.97
199.97
199.97
197.73
190.79
188.02
187.42
190.56
190.56
190.56
193.21
194.94
190.06
185.35
188.56
188.56
188.56
181.45
183.77
183.93
188.66
185.02
185.02
185.02
184.52
191.17
193.14
193.14
196.65
196.65
196.65
196.12
189.57
189.40
181.88
181.47
181.47
181.47
186.80
185.85
193.15
192.29
192.18
192.18
192.18
192.43
198.15
198.69
197.58
202.49
202.49
202.49
202.73
208.79
207.70
208.45
213.34
213.34
213.34
213.34
219.53
219.74
214.68
213.69
213.69
213.69
213.69
216.99
226.99
